# Blender3D v249 OBJ File: Book.blend
# www.blender3d.org
mtllib Book.mtl
v 0.062588 0.052677 0.182884
v 0.005171 0.052677 -0.113688
v 0.062588 0.007421 0.182884
v 0.005171 0.007421 -0.113688
v -0.146753 0.052677 0.223412
v -0.204169 0.052677 -0.073160
v -0.146753 0.007421 0.223412
v -0.204169 0.007421 -0.073160
v 0.014889 -0.000148 -0.124114
v 0.075494 -0.000148 0.188930
v -0.158209 -0.000148 0.234175
v -0.218814 -0.000148 -0.078869
v 0.014889 0.061116 -0.124114
v 0.075494 0.061116 0.188930
v -0.158209 0.061116 0.234175
v -0.218814 0.061116 -0.078869
v 0.075494 0.055265 0.188930
v 0.014889 0.055265 -0.124114
v -0.165416 0.048557 0.235570
v -0.226022 0.048557 -0.077474
v 0.075494 0.004833 0.188930
v 0.014889 0.004833 -0.124114
v -0.165416 0.011541 0.235570
v -0.226022 0.011541 -0.077474
v -0.138344 -0.000148 0.230329
v -0.198950 -0.000148 -0.082715
v -0.138344 0.061116 0.230329
v -0.198950 0.061116 -0.082715
v -0.144939 0.055265 0.231605
v -0.205544 0.055265 -0.081438
v -0.144939 0.004833 0.231605
v -0.205544 0.004833 -0.081438
v -0.204169 0.007421 -0.073160
v -0.146753 0.007421 0.223412
v -0.204169 0.052677 -0.073160
v -0.146753 0.052677 0.223412
v 0.005171 0.007421 -0.113688
v 0.062588 0.007421 0.182884
v 0.005171 0.052677 -0.113688
v 0.062588 0.052677 0.182884
usemtl liber4
s 1
f 18 17 40
f 18 40 39
f 21 22 37
f 21 37 38
f 17 29 40
f 29 36 40
f 30 18 39
f 30 39 35
f 31 21 38
f 31 38 34
f 22 32 37
f 32 33 37
f 29 31 34
f 29 34 36
f 32 30 35
f 32 35 33
f 26 12 32
f 12 24 32
f 9 26 22
f 26 32 22
f 32 24 20
f 32 20 30
f 29 19 23
f 29 23 31
f 31 23 11
f 31 11 25
f 21 31 25
f 21 25 10
f 30 20 16
f 30 16 28
f 18 30 28
f 18 28 13
f 27 15 29
f 15 19 29
f 14 27 17
f 27 29 17
f 28 16 15
f 28 15 27
f 13 28 27
f 13 27 14
f 25 11 12
f 25 12 26
f 26 9 10
f 26 10 25
f 23 19 20
f 23 20 24
f 11 23 24
f 11 24 12
f 9 22 21
f 9 21 10
f 19 15 16
f 19 16 20
f 18 13 14
f 18 14 17
usemtl fletet
s off
f 1 3 2
f 3 4 2
f 1 5 7
f 1 7 3
f 4 8 6
f 4 6 2
